811
1184
1447
1667
1972
3153
3463
3464
3469
3471
3473
3475
3476
3478
4268
4499
4579
4589
4614
4787
6597
6722
6723
7124
7127
7187
7471
9165
9709
10084
10308
10654
10708
10854
11310
13083
13475
13481
15001
15002
15003
15004
15005
15006
15007
15008
15009
15010
15011
15021
15022
15023
15024
15041
15042
15043
15044
15061
15062
15063
15065
15066
15067
15068
15069
15070
15071
15072
15081
15101
15102
15103
15104
15105
15106
15107
15108
15109
15110
15111
15112
15121
15122
15123
15124
15125
15126
15127
15128
15129
15130
15131
15132
15133
15134
15141
15142
15143
15144
15145
15146
15147
15148
15149
15150
15151
15152
15153
15154
15155
15156
15157
15158
15159
15160
15161
15162
15163
15164
15165
15166
15167
15168
15169
15170
15181
15182
15183
15184
15185
15186
15187
15188
15189
15190
15191
15192
15193
15201
15202
15203
15204
15205
15206
15207
15208
15209
15210
15211
15212
15213
15214
15215
15216
15217
15218
15219
15221
15222
15223
15224
15225
15226
15227
15228
15229
15230
15231
15232
15233
15234
15235
15236
15237
15238
15239
15241
15242
15243
15244
15245
15246
15247
15248
15249
15250
15251
15252
15253
15254
15255
15256
15257
15258
15259
15260
15261
15262
15263
15264
15265
15266
15267
15268
15269
15271
15272
15273
15274
15275
15276
15277
15281
15282
15283
15284
15285
15286
15287
15288
15289
15291
15292
15293
15301
15302
15303
15304
15305
15306
15307
15308
15309
15310
15311
15312
15313
15314
15315
15316
15317
15318
15319
15320
15321
15322
15323
15324
15325
15326
15328
15329
15330
15331
15332
15333
15334
15335
15336
15337
15338
15339
15340
15342
15343
15344
15345
15346
15347
15348
15350
15361
15362
15363
15364
15365
15366
15367
15368
15369
15370
15371
15372
15373
15374
15381
15382
15383
15384
15385
15386
15387
15388
15389
15390
15391
15392
15393
15394
15401
15402
15403
15404
15405
15406
15407
15408
15409
15411
15412
15413
15415
15416
15417
15418
15420
15421
15422
15423
15424
15425
15441
15442
15443
15444
15445
15446
15461
15462
15463
15464
15465
15467
15468
15469
15470
15471
15472
15473
15474
15475
15476
15477
15478
15479
15480
15481
15482
15483
15484
15485
15486
15487
15488
15489
15490
15491
15492
15493
15494
15495
15496
15497
15498
15499
15500
15521
15522
15523
15524
15525
15526
15529
15530
15531
15532
15533
15534
15535
15536
15537
15538
15539
15540
15541
15561
15562
15563
15581
15582
15583
15584
15585
15586
15587
15588
15589
15590
15591
15592
15593
15594
15595
15596
15597
15598
15599
15601
15602
15603
15604
15605
15606
15607
15608
15609
15610
15611
15612
15613
15614
15615
15616
15617
15618
15619
15620
15621
15641
15642
15643
15644
15645
15646
15647
15648
15649
15650
15651
15652
15653
15654
15655
15656
15661
15662
15663
15664
15665
15666
15667
15668
15669
15670
15671
15672
15673
15674
15681
15682
15683
15684
15685
15686
15687
15688
15689
15690
15691
15692
15693
15694
15695
15696
15697
15698
15701
15702
15703
15704
15705
15706
15707
15708
15709
15710
15711
15712
15713
15721
15722
15723
15724
15725
15726
15741
15742
15743
15744
15745
15746
15747
15748
15749
15750
15751
15752
15761
15762
15763
15764
15765
15766
15767
15768
15769
15770
15771
15772
15773
15774
15781
15782
15783
15784
15785
15786
15787
15788
15789
15790
15791
15801
15802
15803
15804
15805
15807
15809
15810
15811
15812
15813
15814
15815
15816
15817
15818
15819
15820
15821
15822
15823
15824
15825
15826
15827
15828
15829
15830
15831
15832
15833
15834
15835
15836
15837
15838
15839
15845
15848
15849
15850
15851
15852
15853
15856
15858
15859
15860
15861
15862
15863
15864
15865
15866
15881
15882
15883
15884
15885
15886
15901
15902
15903
15904
15905
15906
15907
15908
15921
15922
15923
15924
15925
15926
15927
15941
15942
15943
15944
15945
15946
15947
15948
15949
15950
15951
15952
15953
15954
15956
15957
15958
15959
15960
15961
15981
15982
15983
15984
15985
16001
16002
16003
16004
16005
16006
16021
16022
16023
16024
16025
16026
16027
16041
16042
16043
16061
16062
16063
16064
16065
16066
16067
16068
16069
16070
16071
16082
16101
16102
16103
16104
16105
16106
16107
16121
16122
16123
16124
16125
16127
16128
16129
16130
16141
16142
16143
16144
16145
16146
16147
16149
16161
16162
16163
16164
16181
16182
16183
16184
16185
16186
16187
16188
16189
16201
16202
16203
16204
16205
16206
16207
16208
16209
16211
16212
16213
16214
16221
16222
16223
16224
16225
16226
16227
16228
16229
16230
16231
16232
16233
16234
16235
16236
16237
16238
16239
16241
16242
16243
16244
16245
16246
16247
16248
16249
16250
16251
16252
16253
16254
16255
16256
16257
16258
16259
16260
16261
16262
16263
16264
16265
16266
16267
16268
16269
16270
16271
16272
16273
16274
16275
16276
16277
16278
16279
16280
16281
16282
16283
16284
16285
16286
16287
16288
16289
16290
16291
16292
16294
16295
16297
16298
16299
16300
16301
16302
16303
16321
16322
16323
16324
16325
16326
16327
16328
16329
16330
16331
16341
16342
16343
16344
16345
16346
16347
16348
16349
16350
16351
16353
16354
16355
16357
16358
16359
16360
16361
16362
16363
16364
16366
16367
16368
16369
16370
16371
16372
16374
16375
16381
16382
16383
16384
16385
16386
16387
16388
16389
16390
16391
16392
16393
16394
16401
16402
16403
16404
16405
16408
16409
16421
16441
16442
16443
16461
16462
16463
16464
16481
16482
16483
16484
16485
16486
16487
16489
16490
16501
16502
16503
16504
16521
16522
16523
16524
16525
16526
16541
16561
16562
16564
16565
16566
16567
16568
16569
16570
16571
16572
16573
16574
16575
16576
16577
16578
16579
16580
16581
16582
16583
16584
16585
16586
16587
16588
16589
16590
16591
16592
16593
16594
16595
16596
16597
16598
16599
16600
16601
16602
16603
16604
16605
16606
16607
16608
16609
16610
16611
16612
16613
16614
16615
16616
16617
16618
16619
16621
16622
16623
16624
16625
16641
16642
16643
16644
16645
16646
16647
16648
16649
16650
16651
16652
16653
16661
16681
16701
16702
16703
16704
16705
16706
16707
16708
16709
16710
16711
16713
16714
16715
16716
16717
16721
16722
16723
16724
16725
16741
16761
16762
16763
16764
16766
16767
16768
16769
16770
16771
16772
16773
16774
16775
16776
16777
16778
16779
16780
16781
16782
16783
16784
16785
16786
16787
16788
16801
16802
16803
16821
16822
16841
16842
16843
16844
16861
16862
16863
16864
16881
16901
16921
16922
16941
16942
16943
16944
16945
16946
16947
16948
16949
16950
16951
16952
16953
16954
16955
16956
16957
16958
16959
16960
16961
16962
16963
16964
16981
16982
16983
17001
17003
17021
17022
17023
17041
17061
17062
17063
17064
17065
17066
17067
17068
17069
17070
17081
17082
17101
17102
17103
17104
17105
17106
17107
17108
17121
17141
17142
17161
17162
17163
17183
17184
17185
17201
17202
17203
17204
17221
17222
17241
17242
17243
17261
17262
17281
17282
17301
17302
17321
17322
17341
17342
17381
17382
17383
17384
17401
17402
17421
17422
17441
17442
17443
17444
17445
17446
17461
17462
17463
17481
17482
17521
17522
17541
17561
17562
17563
17564
17565
17566
17581
17582
17601
17602
17621
17622
17641
17642
17661
17681
17701
17702
17703
17704
17705
17706
17721
17741
17761
17781
17801
17821
17841
17842
17843
17844
17861
17862
17863
17864
17865
17901
17902
17903
17904
17905
17906
17922
17923
17941
17942
17943
17944
17945
17946
17947
17961
17962
17981
17983
17984
17987
17988
18001
18021
18022
18023
18041
18042
18043
18044
18045
18046
18048
18049
18050
18051
18052
18053
18055
18056
18057
18061
18064
18065
18066
18067
18068
18069
18070
18071
18072
18073
18074
18075
18077
18078
18079
18080
18081
18082
18121
18122
18123
18161
18164
18165
18166
18167
18181
18182
18183
18201
18221
18241
18242
18261
18281
18282
18283
18284
18285
18286
18321
18322
18341
18342
18361
18362
18363
18364
18365
18366
18367
18368
18369
18370
18371
18372
18385
18386
18387
18388
18389
18390
18391
18392
18393
18394
18395
18396
18405
18406
18407
18408
18409
18410
18411
18412
18413
18425
18426
18427
18428
18429
18430
18431
18432
18433
18434
18435
18436
18437
18438
18439
18440
18441
18442
18443
18444
18445
18446
18448
18449
18450
18451
18470
18472
18473
18474
18476
18477
18478
18490
18530
18531
18532
18533
18534
18535
18536
18537
18538
18550
18570
18571
18572
18573
18577
18578
18580
18581
18582
18590
18591
18592
18593
18594
18595
18596
18599
18602
18603
18616
18617
18636
18637
18638
18639
18640
18641
18642
18656
18657
18676
18677
18678
18696
18698
18700
18701
18702
18703
18704
18705
18706
18707
18708
18709
18710
18716
18717
18718
18719
18720
18721
18722
18725
18736
18737
18738
18739
18740
18741
18742
18743
18744
18745
18746
18747
18748
18749
18763
18764
18765
18783
18791
18794
18804
18805
18807
18823
18825
18826
18843
18864
18865
18869
18903
18906
18907
18908
18909
18923
18924
18925
18926
18943
18944
18945
18946
18947
18948
18949
18950
18951
18952
18953
18954
18963
18983
18984
18985
18986
18987
18988
18989
18990
19003
19023
19024
19025
19026
19027
19028
19029
19030
19031
19032
19033
19034
19036
19037
19041
19042
19043
19044
19064
19065
19066
19067
19068
19069
19070
19084
19104
19105
19106
19107
19108
19124
19125
19144
19145
19146
19147
19165
19166
19167
19168
19169
19170
19171
19185
19205
19206
19225
19226
19245
19246
19247
19248
19285
19305
19306
19307
19308
19309
19310
19311
19312
19329
19330
19332
19333
19334
19335
19336
19338
19339
19341
19343
19344
19345
19346
19348
19365
19366
19367
19368
19369
19370
19371
19372
19373
19374
19375
19376
19377
19378
19379
19380
19382
19383
19385
19405
19406
19407
19408
19409
19410
19411
19412
19413
19414
19425
19426
19427
19428
19429
19430
19431
19432
19433
19434
19436
19445
19446
19447
19448
19468
19488
19508
19509
19510
19511
19528
19530
19548
19549
19550
19551
19552
19568
19569
19571
19572
19573
19575
19576
19589
19590
19592
19608
19609
19610
19611
19612
19613
19615
19617
19618
19619
19620
19631
19632
19633
19634
19635
19636
19637
19640
19641
19642
19660
19661
19680
19681
19683
19684
19702
19704
19708
19709
19713
19719
19722
19723
19724
19725
19726
19727
19728
19729
19730
19731
19742
19743
19744
19764
19765
19766
19767
19768
19769
19789
19793
19794
19795
19796
19797
19799
19800
19801
19803
19806
19807
19809
19826
19828
19829
19834
19839
19845
19850
19857
19865
19884
19885
19886
19904
19924
19925
19926
19927
19928
19929
19930
19931
19932
19933
19945
19965
19966
19967
19968
19969
19970
19971
19972
19973
19974
19985
19987
20005
20006
20045
20046
20065
20066
20085
20086
20087
20105
20106
20107
20145
20146
20165
20185
20186
20205
20206
20208
20225
20245
20246
20247
20248
20249
20251
20252
20265
20266
20267
20268
20269
20270
20271
20272
20274
20288
20289
20308
20309
20328
20329
20330
20331
20332
20333
20334
20335
20348
20368
20369
20370
20371
20372
20373
20374
20375
20376
20377
20378
20379
20380
20381
20421
20422
20423
20440
20441
20442
20443
20444
20460
20461
20462
20463
20464
20465
20480
20482
20484
20485
20520
20521
20523
20524
20525
20540
20541
20544
20560
20622
20623
20640
20660
20661
20662
20663
20664
20665
20666
20667
20668
20678
20709
20710
20711
20712
20713
20714
20715
20716
20717
20718
20719
20720
20721
20729
20730
20731
20733
20735
20736
20737
20738
20739
20740
20741
20749
20770
20771
20772
20773
20774
20775
20776
20777
20778
20779
20780
20781
20782
20793
20796
20797
20798
20799
20800
20801
20813
20834
20835
20836
20837
20838
20839
20840
20841
20853
20873
20874
20875
20876
20877
20878
20879
20881
20882
20883
20884
20893
20915
20916
20933
20953
20973
20974
20993
20994
20995
20996
20997
20998
20999
21000
21001
21002
21013
21014
21033
21034
21053
21054
21055
21056
21057
21058
21059
21060
21061
21062
21063
21064
21065
21066
21067
21068
21069
21073
21074
21075
21076
21093
21094
21113
21114
21115
21133
21134
21135
21136
21137
21138
21155
21175
21194
21214
21254
21255
21256
21257
21258
21260
21262
21265
21266
21267
21268
21271
21272
21274
21294
21295
21314
21394
21414
21434
21454
21497
21514
21574
21614
21634
21654
21675
21676
21694
21714
21734
21754
21775
21794
21835
21854
21855
21894
21914
21934
21955
21956
21957
21974
21994
21995
22014
22015
22016
22017
22018
22019
22020
22021
22022
22034
22035
22054
22055
22056
22057
22058
22059
22060
22062
22074
22075
22076
22077
22114
22115
22116
22117
22118
22134
22135
22154
22155
22156
22174
22175
22176
22177
22178
22179
22180
22181
22182
22194
22195
22214
22234
22235
22254
22255
22274
22294
22295
22296
22297
22314
22315
22316
22334
22354
22355
22356
22357
22358
22359
22360
22361
22362
22374
22394
22395
22414
22415
22416
22417
22418
22419
22434
22435
22436
22454
22455
22456
22457
22475
22494
22495
22514
22555
22575
22576
22595
22596
22597
22598
22615
22635
22636
22655
22656
22675
22676
22696
22697
22699
22700
22701
22702
22715
22716
22717
22718
22735
22736
22737
22755
22775
22776
22777
22778
22795
22796
22797
22798
22799
22815
22835
22836
22837
22838
22839
22840
22841
22842
22843
22855
22856
22875
22895
22896
22897
22898
22915
22916
22917
22918
22919
22920
22921
22922
22923
22924
22926
22935
22955
22956
22975
22976
22977
22978
22979
22980
22995
22996
22997
23015
23016
23017
23018
23035
23036
23055
23075
23076
23077
23078
23079
23080
23095
23096
23097
23098
23099
23115
23116
23117
23135
23136
23137
23138
23139
23155
23175
23176
23177
23178
23179
23180
23195
23196
23197
23215
23235
23236
23237
23238
23239
23240
23241
23242
23243
23244
23255
23256
23257
23258
23259
23275
23276
23277
23278
23279
23295
23315
23316
23317
23335
23336
23337
23355
23356
23357
23358
23375
23376
23377
23378
23395
23396
23415
23435
23436
23437
23438
23439
23455
23475
23476
23477
23495
23515
23516
23517
23535
23555
23575
23576
23595
23615
23635
23655
23656
23675
23695
23696
23715
23735
23755
23775
23795
23815
23835
23855
23875
23895
23915
23935
23936
23955
23956
23975
23995
23996
24015
24016
24017
24035
24055
24075
24076
24078
24079
24095
24096
24097
24098
24099
24100
24101
24102
24103
24104
24105
24115
24136
24137
24138
24139
24140
24141
24142
24155
24156
24157
24158
24195
24196
24197
24198
24199
24215
24216
24217
24218
24235
24255
24275
24276
24295
24315
24316
24317
24318
24335
24355
24375
24395
24396
24404
24405
24406
24407
24408
24415
24455
24476
24478
24497
24515
24539
24540
24541
24556
24557
24575
24576
24595
24596
24597
24598
24615
24616
24617
24618
24619
24620
24621
24622
24623
24635
24655
24656
24657
24658
24659
24675
24715
24735
24736
24755
24775
24795
24796
24797
24798
24835
24855
24856
24857
24875
24895
24896
24915
24935
24936
24937
24938
24939
24940
24941
24942
24943
24944
24945
24946
24947
24948
24949
24955
24956
24957
24958
24959
24975
24995
24996
24997
24999
25015
25016
25017
25018
25019
25020
25021
25035
25055
25075
25095
25115
25116
25117
25135
25155
25175
25176
25177
25178
25179
25180
25181
25182
25183
25184
25185
25186
25187
25188
25189
25190
25191
25195
25215
25235
25236
25255
25256
25257
25258
25259
25260
25261
25262
25263
25264
25265
25266
25267
25268
25269
25270
25271
25272
25275
25276
25277
25278
25295
25315
25316
25317
25335
25355
25356
25376
25395
25415
25416
25417
25418
25419
25420
25421
25422
25423
25435
25455
25456
25457
25458
25459
25460
25461
25462
25463
25464
25465
25466
25467
25475
25495
25496
25497
25498
25499
25500
25501
25502
25515
25516
25517
25518
25519
25520
25521
25522
25523
25524
25535
25536
25537
25538
25539
25540
25542
25543
25544
25545
25546
25555
25556
25557
25558
25559
25560
25561
25562
25563
25564
25565
25566
25567
25568
25569
25570
25571
25572
25573
25575
25576
25577
25579
25580
25583
25584
25585
25586
25587
25595
25615
25635
25655
25675